.                              
==========================     
running tests on dec2bin       
==========================     
.                              
==========================     
running tests on dec2hex       
==========================     
Enter a base-10 number: Enter number of hex digits (8 or 16): Hex (32-bit): 0x00000005
Hex (32-bit): 0x00000005
Hex (32-bit): 0x0001e240
Hex (32-bit): 0x0000ffff
Hex (32-bit): 0x3a400000
Hex (32-bit): 0x40001234
Hex (64-bit): 0x0000000000000005
Hex (64-bit): 0x000000000001e240
Hex (32-bit): 0x0000ffff
Hex (64-bit): 0x000000003a400000
Hex (32-bit): 0x40001234
.                              
==========================     
running tests on timesTables   
==========================     
Usage: timesTables <N>
Times Tables from 2 to 2:

   2
   4
   6
   8
  10
  12
  14
  16
  18
  20
  22
  24
Times Tables from 2 to 5:

   2   3   4   5
   4   6   8  10
   6   9  12  15
   8  12  16  20
  10  15  20  25
  12  18  24  30
  14  21  28  35
  16  24  32  40
  18  27  36  45
  20  30  40  50
  22  33  44  55
  24  36  48  60
Times Tables from 2 to 10:

   2   3   4   5   6   7   8   9  10
   4   6   8  10  12  14  16  18  20
   6   9  12  15  18  21  24  27  30
   8  12  16  20  24  28  32  36  40
  10  15  20  25  30  35  40  45  50
  12  18  24  30  36  42  48  54  60
  14  21  28  35  42  49  56  63  70
  16  24  32  40  48  56  64  72  80
  18  27  36  45  54  63  72  81  90
  20  30  40  50  60  70  80  90 100
  22  33  44  55  66  77  88  99 110
  24  36  48  60  72  84  96 108 120
Times Tables from 2 to 12:

   2   3   4   5   6   7   8   9  10  11  12
   4   6   8  10  12  14  16  18  20  22  24
   6   9  12  15  18  21  24  27  30  33  36
   8  12  16  20  24  28  32  36  40  44  48
  10  15  20  25  30  35  40  45  50  55  60
  12  18  24  30  36  42  48  54  60  66  72
  14  21  28  35  42  49  56  63  70  77  84
  16  24  32  40  48  56  64  72  80  88  96
  18  27  36  45  54  63  72  81  90  99 108
  20  30  40  50  60  70  80  90 100 110 120
  22  33  44  55  66  77  88  99 110 121 132
  24  36  48  60  72  84  96 108 120 132 144
Times Tables from 2 to 13:

   2   3   4   5   6   7   8   9  10  11  12  13
   4   6   8  10  12  14  16  18  20  22  24  26
   6   9  12  15  18  21  24  27  30  33  36  39
   8  12  16  20  24  28  32  36  40  44  48  52
  10  15  20  25  30  35  40  45  50  55  60  65
  12  18  24  30  36  42  48  54  60  66  72  78
  14  21  28  35  42  49  56  63  70  77  84  91
  16  24  32  40  48  56  64  72  80  88  96 104
  18  27  36  45  54  63  72  81  90  99 108 117
  20  30  40  50  60  70  80  90 100 110 120 130
  22  33  44  55  66  77  88  99 110 121 132 143
  24  36  48  60  72  84  96 108 120 132 144 156
Times Tables from 2 to 32:

   2   3   4   5   6   7   8   9  10  11  12  13  14  15  16  17  18  19  20  21  22  23  24  25  26  27  28  29  30  31  32
   4   6   8  10  12  14  16  18  20  22  24  26  28  30  32  34  36  38  40  42  44  46  48  50  52  54  56  58  60  62  64
   6   9  12  15  18  21  24  27  30  33  36  39  42  45  48  51  54  57  60  63  66  69  72  75  78  81  84  87  90  93  96
   8  12  16  20  24  28  32  36  40  44  48  52  56  60  64  68  72  76  80  84  88  92  96 100 104 108 112 116 120 124 128
  10  15  20  25  30  35  40  45  50  55  60  65  70  75  80  85  90  95 100 105 110 115 120 125 130 135 140 145 150 155 160
  12  18  24  30  36  42  48  54  60  66  72  78  84  90  96 102 108 114 120 126 132 138 144 150 156 162 168 174 180 186 192
  14  21  28  35  42  49  56  63  70  77  84  91  98 105 112 119 126 133 140 147 154 161 168 175 182 189 196 203 210 217 224
  16  24  32  40  48  56  64  72  80  88  96 104 112 120 128 136 144 152 160 168 176 184 192 200 208 216 224 232 240 248 256
  18  27  36  45  54  63  72  81  90  99 108 117 126 135 144 153 162 171 180 189 198 207 216 225 234 243 252 261 270 279 288
  20  30  40  50  60  70  80  90 100 110 120 130 140 150 160 170 180 190 200 210 220 230 240 250 260 270 280 290 300 310 320
  22  33  44  55  66  77  88  99 110 121 132 143 154 165 176 187 198 209 220 231 242 253 264 275 286 297 308 319 330 341 352
  24  36  48  60  72  84  96 108 120 132 144 156 168 180 192 204 216 228 240 252 264 276 288 300 312 324 336 348 360 372 384
.                              
==========================     
running test on holdit         
==========================     
This program will time how long you can hold your breath.
Take a deep breath, then press Enter to begin.
Keep goign but if you absolutely cannot anymore press ENTER again when you exhale.
You held your breath for 5 seconds.
.                              
==========================     
running test on wordcount      
==========================     
Usage: wordcount <filename>
Number of words: 394
